Year	Degree_Major	Total_Bachelors	Percent_change_Bachelors	Male_Bachelors	Female_Bachelors	Female_percent_Bachelors	Total_Masters	Male_Masters	Female_Masters	Total_Doctorates	Male_Doctorates	Female_Doctorates
1971	agriculture and natural resources	12672	0	12136	536	4.2	2457	2313	144	1086	1055	31
1972	agriculture and natural resources	13516	6.7	12779	737	5.5	2680	2490	190	971	945	26
1973	agriculture and natural resources	14756	9.2	13661	1095	7.4	2807	2588	219	1059	1031	28
1974	agriculture and natural resources	16253	10.1	14684	1569	9.7	2928	2640	288	930	897	33
1975	agriculture and natural resources	17528	7.8	15061	2467	14.1	3067	2703	364	991	958	33
1976	agriculture and natural resources	19402	10.7	15845	3557	18.3	3340	2862	478	928	867	61
1977	agriculture and natural resources	21467	10.6	16690	4777	22.3	3724	3177	547	893	831	62
1978	agriculture and natural resources	22650	5.5	17069	5581	24.6	4023	3268	755	971	909	62
1979	agriculture and natural resources	23134	2.1	16854	6280	27.1	3994	3187	807	950	877	73
1980	agriculture and natural resources	22802	-1.4	16045	6757	29.6	3976	3082	894	991	879	112
1981	agriculture and natural resources	21886	-4.0	15154	6732	30.8	4003	3061	942	1067	940	127
1982	agriculture and natural resources	21029	-3.9	14443	6586	31.3	4163	3114	1049	1079	925	154
1983	agriculture and natural resources	20909	-0.6	14085	6824	32.6	4254	3129	1125	1149	1004	145
1984	agriculture and natural resources	19317	-7.6	13206	6111	31.6	4178	2989	1189	1172	1001	171
1985	agriculture and natural resources	18107	-6.3	12477	5630	31.1	3928	2846	1082	1213	1036	177
1986	agriculture and natural resources	16823	-7.1	11544	5279	31.4	3801	2701	1100	1158	966	192
1987	agriculture and natural resources	14991	-10.9	10314	4677	31.2	3522	2460	1062	1049	871	178
1988	agriculture and natural resources	14222	-5.1	9744	4478	31.5	3479	2427	1052	1142	926	216
1989	agriculture and natural resources	13492	-5.1	9298	4194	31.1	3245	2231	1014	1183	950	233
1990	agriculture and natural resources	12900	-4.4	8822	4078	31.6	3382	2239	1143	1295	1038	257
1991	agriculture and natural resources	13124	1.7	8832	4292	32.7	3295	2160	1135	1185	953	232
1992	agriculture and natural resources	15113	15.2	9867	5246	34.7	3730	2409	1321	1205	955	250
1993	agriculture and natural resources	16769	11.0	11079	5690	33.9	3959	2474	1485	1159	869	290
1994	agriculture and natural resources	18056	7.7	11746	6310	34.9	4110	2512	1598	1262	969	293
1995	agriculture and natural resources	19832	9.8	12686	7146	36.0	4234	2541	1693	1256	955	301
1996	agriculture and natural resources	21425	8.0	13531	7894	36.8	4551	2642	1909	1259	926	333
1997	agriculture and natural resources	22597	5.5	13791	8806	39.0	4505	2601	1904	1202	875	327
1998	agriculture and natural resources	23276	3.0	13806	9470	40.7	4464	2545	1919	1290	924	366
1999	agriculture and natural resources	24179	3.9	14045	10134	41.9	4376	2360	2016	1249	869	380
2000	agriculture and natural resources	24238	0.2	13843	10395	42.9	4360	2356	2004	1168	803	365
2001	agriculture and natural resources	23370	-3.6	12840	10530	45.1	4272	2251	2021	1127	741	386
2002	agriculture and natural resources	23331	-0.2	12630	10701	45.9	4503	2340	2163	1148	760	388
2003	agriculture and natural resources	23348	0.1	12343	11005	47.1	4492	2232	2260	1229	790	439
2004	agriculture and natural resources	22835	-2.2	11889	10946	47.9	4783	2306	2477	1185	758	427
2005	agriculture and natural resources	23002	0.7	11987	11015	47.9	4746	2288	2458	1173	763	410
2006	agriculture and natural resources	23053	0.2	12063	10990	47.7	4640	2280	2360	1194	710	484
2007	agriculture and natural resources	23133	0.3	12309	10824	46.8	4623	2174	2449	1272	768	504
2008	agriculture and natural resources	24113	4.2	12634	11479	47.6	4684	2180	2504	1257	742	515
2009	agriculture and natural resources	24982	3.6	13096	11886	47.6	4878	2328	2550	1328	741	587
2010	agriculture and natural resources	26343	5.4	13524	12819	48.7	5215	2512	2703	1149	626	523
2011	agriculture and natural resources	28630	8.7	14678	13952	48.7	5766	2746	3020	1246	675	571
2012	agriculture and natural resources	30972	8.2	15485	15487	50.0	6390	3026	3364	1333	721	612
2013	agriculture and natural resources	33592	8.5	16618	16974	50.5	6336	2912	3424	1411	767	644
2014	agriculture and natural resources	35116	4.5	17249	17867	50.9	6544	2966	3578	1407	739	668
1950	architecture and related services	2563	0	2441	122	4.8	166	159	7	1	1	0
1960	architecture and related services	1801	0	1744	57	3.2	319	305	14	17	17	0
1968	architecture and related services	3057	0	2931	126	4.1	1021	953	68	15	15	0
1970	architecture and related services	4105	0	3888	217	5.3	1427	1260	167	35	33	2
1971	architecture and related services	5570	35.7	4906	664	11.9	1705	1469	236	36	33	3
1972	architecture and related services	6440	15.6	5667	773	12.0	1899	1626	273	50	43	7
1973	architecture and related services	6962	8.1	6042	920	13.2	2307	1943	364	58	54	4
1974	architecture and related services	7822	12.4	6665	1157	14.8	2702	2208	494	69	65	4
1975	architecture and related services	8226	5.2	6791	1435	17.4	2938	2343	595	69	58	11
1976	architecture and related services	9146	11.2	7396	1750	19.1	3215	2545	670	82	69	13
1977	architecture and related services	9222	0.8	7249	1973	21.4	3213	2489	724	73	62	11
1978	architecture and related services	9250	0.3	7054	2196	23.7	3115	2304	811	73	57	16
1979	architecture and related services	9273	0.2	6876	2397	25.8	3113	2226	887	96	74	22
1980	architecture and related services	9132	-1.5	6596	2536	27.8	3139	2245	894	79	66	13
1981	architecture and related services	9455	3.5	6800	2655	28.1	3153	2234	919	93	73	20
1982	architecture and related services	9728	2.9	6825	2903	29.8	3327	2242	1085	80	58	22
1983	architecture and related services	9823	1.0	6403	3420	34.8	3357	2224	1133	97	74	23
1984	architecture and related services	9186	-6.5	5895	3291	35.8	3223	2197	1026	84	62	22
1985	architecture and related services	9325	1.5	6019	3306	35.5	3275	2148	1127	89	66	23
1986	architecture and related services	9119	-2.2	5824	3295	36.1	3260	2129	1131	73	56	17
1987	architecture and related services	8950	-1.9	5617	3333	37.2	3163	2086	1077	92	66	26
1988	architecture and related services	8603	-3.9	5271	3332	38.7	3159	2042	1117	98	66	32
1989	architecture and related services	9150	6.4	5545	3605	39.4	3383	2192	1191	86	63	23
1990	architecture and related services	9364	2.3	5703	3661	39.1	3499	2228	1271	103	73	30
1991	architecture and related services	9781	4.5	5788	3993	40.8	3490	2244	1246	135	101	34
1992	architecture and related services	8753	-10.5	5805	2948	33.7	3640	2271	1369	132	93	39
1993	architecture and related services	9167	4.7	5940	3227	35.2	3808	2376	1432	148	105	43
1994	architecture and related services	8975	-2.1	5764	3211	35.8	3943	2428	1515	161	111	50
1995	architecture and related services	8756	-2.4	5741	3015	34.4	3923	2310	1613	141	95	46
1996	architecture and related services	8352	-4.6	5340	3012	36.1	3993	2361	1632	141	96	45
1997	architecture and related services	7944	-4.9	5090	2854	35.9	4034	2336	1698	135	93	42
1998	architecture and related services	7652	-3.7	4966	2686	35.1	4347	2537	1810	131	80	51
1999	architecture and related services	8245	7.7	5145	3100	37.6	4235	2435	1800	119	76	43
2000	architecture and related services	8462	2.6	5193	3269	38.6	4268	2508	1760	129	85	44
2001	architecture and related services	8480	0.2	5086	3394	40.0	4302	2515	1787	153	83	70
2002	architecture and related services	8808	3.9	5224	3584	40.7	4566	2606	1960	183	117	66
2003	architecture and related services	9056	2.8	5331	3725	41.1	4925	2832	2093	152	83	69
2004	architecture and related services	8838	-2.4	5059	3779	42.8	5424	3049	2375	173	94	79
2005	architecture and related services	9237	4.5	5222	4015	43.5	5674	3180	2494	179	110	69
2006	architecture and related services	9515	3.0	5414	4101	43.1	5743	3165	2578	201	108	93
2007	architecture and related services	9717	2.1	5393	4324	44.5	5951	3304	2647	178	104	74
2008	architecture and related services	9805	0.9	5579	4226	43.1	6065	3252	2813	199	103	96
2009	architecture and related services	10119	3.2	5797	4322	42.7	6587	3657	2930	212	113	99
2010	architecture and related services	10051	-0.7	5694	4357	43.3	7280	4012	3268	210	116	94
2011	architecture and related services	9831	-2.2	5698	4133	42.0	7788	4265	3523	205	110	95
2012	architecture and related services	9727	-1.1	5566	4161	42.8	8448	4504	3944	255	147	108
2013	architecture and related services	9757	0.3	5581	4176	42.8	8095	4261	3834	247	134	113
2014	architecture and related services	9144	-6.3	5173	3971	43.4	8048	4122	3926	247	134	113
1952	the biological and biomedical sciences	11094	0	8212	2882	26.0	2307	1908	399	764	680	84
1954	the biological and biomedical sciences	9279	0	6710	2569	27.7	1610	1287	323	1077	977	100
1956	the biological and biomedical sciences	12423	0	9515	2908	23.4	1759	1379	380	1025	908	117
1958	the biological and biomedical sciences	14308	0	11159	3149	22.0	1852	1448	404	1125	987	138
1960	the biological and biomedical sciences	15576	0	11654	3922	25.2	2154	1668	486	1205	1086	119
1962	the biological and biomedical sciences	16915	0	12136	4779	28.3	2642	1982	660	1338	1179	159
1964	the biological and biomedical sciences	22723	0	16321	6402	28.2	3296	2348	948	1625	1432	193
1966	the biological and biomedical sciences	26916	0	19368	7548	28.0	4232	3085	1147	2097	1792	305
1968	the biological and biomedical sciences	31826	0	22986	8840	27.8	5506	3959	1547	2784	2345	439
1970	the biological and biomedical sciences	34034	0	23919	10115	29.7	5800	3975	1825	3289	2820	469
1971	the biological and biomedical sciences	35705	4.9	25319	10386	29.1	5625	3782	1843	3603	3018	585
1972	the biological and biomedical sciences	37269	4.4	26314	10955	29.4	5989	4056	1933	3587	2981	606
1973	the biological and biomedical sciences	42207	13.2	29625	12582	29.8	6156	4317	1839	3583	2892	691
1974	the biological and biomedical sciences	48244	14.3	33217	15027	31.1	6408	4512	1896	3358	2684	674
1975	the biological and biomedical sciences	51609	7.0	34580	17029	33.0	6429	4554	1875	3334	2612	722
1976	the biological and biomedical sciences	54154	4.9	35498	18656	34.4	6457	4466	1991	3347	2631	716
1977	the biological and biomedical sciences	53464	-1.3	34178	19286	36.1	6953	4670	2283	3335	2627	708
1978	the biological and biomedical sciences	51360	-3.9	31673	19687	38.3	6651	4353	2298	3255	2481	774
1979	the biological and biomedical sciences	48713	-5.2	29173	19540	40.1	6638	4198	2440	3459	2593	866
1980	the biological and biomedical sciences	46254	-5.0	26797	19457	42.1	6339	4042	2297	3568	2651	917
1981	the biological and biomedical sciences	43078	-6.9	24124	18954	44.0	5766	3602	2164	3640	2620	1020
1982	the biological and biomedical sciences	41501	-3.7	22722	18779	45.2	5679	3384	2295	3662	2611	1051
1983	the biological and biomedical sciences	39924	-3.8	21572	18352	46.0	5711	3298	2413	3386	2306	1080
1984	the biological and biomedical sciences	38593	-3.3	20565	18028	46.7	5489	3123	2366	3496	2416	1080
1985	the biological and biomedical sciences	38354	-0.6	20071	18283	47.7	5109	2775	2334	3465	2335	1130
1986	the biological and biomedical sciences	38395	0.1	20000	18395	47.9	5064	2733	2331	3405	2273	1132
1987	the biological and biomedical sciences	38074	-0.8	19684	18390	48.3	4995	2646	2349	3469	2268	1201
1988	the biological and biomedical sciences	36688	-3.6	18267	18421	50.2	4871	2530	2341	3688	2389	1299
1989	the biological and biomedical sciences	36068	-1.7	17998	18070	50.1	5034	2598	2436	3617	2299	1318
1990	the biological and biomedical sciences	37304	3.4	18363	18941	50.8	4941	2509	2432	3922	2478	1444
1991	the biological and biomedical sciences	39482	5.8	19418	20064	50.8	4834	2417	2417	4152	2618	1534
1992	the biological and biomedical sciences	42892	8.6	20816	22076	51.5	4862	2437	2425	4442	2749	1693
1993	the biological and biomedical sciences	47009	9.6	22870	24139	51.3	5026	2540	2486	4749	2866	1883
1994	the biological and biomedical sciences	51296	9.1	25071	26225	51.1	5462	2681	2781	4891	2910	1981
1995	the biological and biomedical sciences	55983	9.1	26734	29249	52.2	5873	2920	2953	5069	3012	2057
1996	the biological and biomedical sciences	61014	9.0	28921	32093	52.6	6593	3212	3381	5250	3062	2188
1997	the biological and biomedical sciences	63973	4.8	29562	34411	53.8	6986	3419	3567	5313	3014	2299
1998	the biological and biomedical sciences	65917	3.0	29663	36254	55.0	6848	3336	3512	5474	3123	2351
1999	the biological and biomedical sciences	65310	-0.9	28507	36803	56.4	6966	3279	3687	5250	3010	2240
2000	the biological and biomedical sciences	63630	-2.6	26579	37051	58.2	6850	3171	3679	5463	3068	2395
2001	the biological and biomedical sciences	60576	-4.8	24600	35976	59.4	7017	3075	3942	5225	2923	2302
2002	the biological and biomedical sciences	60309	-0.4	23694	36615	60.7	7011	3033	3978	5104	2836	2268
2003	the biological and biomedical sciences	61294	1.6	23356	37938	61.9	7050	3015	4035	5268	2866	2402
2004	the biological and biomedical sciences	62624	2.2	23691	38933	62.2	7732	3271	4461	5538	2975	2563
2005	the biological and biomedical sciences	65915	5.3	25104	40811	61.9	8284	3361	4923	5935	3025	2910
2006	the biological and biomedical sciences	70607	7.1	27183	43424	61.5	8781	3709	5072	6162	3138	3024
2007	the biological and biomedical sciences	76832	8.8	30600	46232	60.2	8898	3639	5259	6764	3440	3324
2008	the biological and biomedical sciences	79829	3.9	32401	47428	59.4	9689	4094	5595	7400	3645	3755
2009	the biological and biomedical sciences	82828	3.8	33707	49121	59.3	10018	4250	5768	7499	3549	3950
2010	the biological and biomedical sciences	86391	4.3	35866	50525	58.5	10730	4612	6118	7672	3603	4069
2011	the biological and biomedical sciences	89984	4.2	36888	53096	59.0	11324	4869	6455	7693	3648	4045
2012	the biological and biomedical sciences	95850	6.5	39542	56308	58.7	12419	5378	7041	7935	3708	4227
2013	the biological and biomedical sciences	100397	4.7	41556	58841	58.6	13300	5783	7517	7939	3689	4250
2014	the biological and biomedical sciences	104633	4.2	43427	61206	58.5	13960	6072	7888	8302	3884	4418
1956	business	42813	0	38706	4107	9.6	3280	3118	162	129	127	2
1958	business	51991	0	48063	3928	7.6	4223	4072	151	110	105	5
1960	business	51076	0	47262	3814	7.5	4643	4476	167	135	133	2
1962	business	49017	0	45184	3833	7.8	7691	7484	207	226	221	5
1964	business	55474	0	51056	4418	8.0	9251	9008	243	275	268	7
1966	business	62721	0	57516	5205	8.3	12959	12628	331	387	370	17
1968	business	79074	0	72126	6948	8.8	17795	17186	609	441	427	14
1970	business	105580	0	96346	9234	8.7	21561	20792	769	620	610	10
1971	business	115396	9.3	104936	10460	9.1	26490	25458	1032	774	753	21
1972	business	121917	5.7	110331	11586	9.5	30509	29317	1192	876	857	19
1973	business	126717	3.9	113337	13380	10.6	31208	29689	1519	917	864	53
1974	business	132304	4.4	115363	16941	12.8	32691	30557	2134	922	873	49
1975	business	133639	1.0	111983	21656	16.2	36315	33274	3041	939	900	39
1976	business	143171	7.1	114986	28185	19.7	42592	37654	4938	906	856	50
1977	business	152010	6.2	116394	35616	23.4	46505	39852	6653	839	785	54
1978	business	160775	5.8	117103	43672	27.2	48347	40224	8123	834	760	74
1979	business	172392	7.2	119765	52627	30.5	50397	40766	9631	852	752	100
1980	business	186264	8.0	123639	62625	33.6	55008	42744	12264	767	650	117
1981	business	200521	7.7	126798	73723	36.8	57888	43411	14477	808	686	122
1982	business	215190	7.3	130693	84497	39.3	61251	44230	17021	826	676	150
1983	business	226442	5.2	131451	94991	41.9	64741	45987	18754	770	638	132
1984	business	229013	1.1	129296	99717	43.5	66129	46167	19962	926	727	199
1985	business	232282	1.4	127467	104815	45.1	66981	46199	20782	827	685	142
1986	business	236700	1.9	128415	108285	45.7	66676	45927	20749	923	720	203
1987	business	240346	1.5	128506	111840	46.5	67093	44913	22180	1062	808	254
1988	business	242859	1.0	129467	113392	46.7	69230	45980	23250	1063	810	253
1989	business	246262	1.4	131098	115164	46.8	73065	48540	24525	1100	800	300
1990	business	248568	0.9	132284	116284	46.8	76676	50585	26091	1093	818	275
1991	business	249165	0.2	131557	117608	47.2	78255	50883	27372	1185	876	309
1992	business	256298	2.9	135263	121035	47.2	84517	54609	29908	1242	953	289
1993	business	256473	0.1	135368	121105	47.2	89425	57504	31921	1346	969	377
1994	business	246265	-4.0	128946	117319	47.6	93285	59223	34062	1364	980	384
1995	business	233895	-5.0	121663	112232	48.0	93540	58931	34609	1391	1011	380
1996	business	226623	-3.1	116545	110078	48.6	93554	58400	35154	1366	972	394
1997	business	225934	-0.3	116023	109911	48.6	97204	59333	37871	1336	947	389
1998	business	232079	2.7	119379	112700	48.6	101652	62357	39295	1290	885	405
1999	business	239924	3.4	121741	118183	49.3	106830	64271	42559	1216	848	368
2000	business	256070	6.7	128521	127549	49.8	111532	67078	44454	1194	812	382
2001	business	263515	2.9	132275	131240	49.8	115602	68471	47131	1180	783	397
2002	business	278217	5.6	138343	139874	50.3	119725	70463	49262	1156	746	410
2003	business	293391	5.5	145075	148316	50.6	127685	75239	52446	1252	820	432
2004	business	307149	4.7	152513	154636	50.3	139347	80858	58489	1481	960	521
2005	business	311574	1.4	155940	155634	50.0	142617	82151	60466	1498	901	597
2006	business	318042	2.1	159683	158359	49.8	146406	83550	62856	1711	1049	662
2007	business	327531	3.0	166350	161181	49.2	150211	84115	66096	2029	1188	841
2008	business	335254	2.4	170978	164276	49.0	155637	86258	69379	2084	1250	834
2009	business	348056	3.8	177924	170132	48.9	168404	91991	76413	2123	1302	821
2010	business	358119	2.9	183272	174847	48.8	177748	96742	81006	2249	1338	911
2011	business	365133	2.0	187116	178017	48.8	187178	101440	85738	2286	1357	929
2012	business	367235	0.6	190180	177055	48.2	191606	103250	88356	2538	1461	1077
2013	business	360887	-1.7	187843	173044	47.9	188617	101599	87018	2828	1605	1223
2014	business	358079	-0.8	188418	169661	47.4	189328	101043	88285	3039	1722	1317
1971	communication, journalism, and related programs and in communications technologies	10802	0	6989	3813	35.3	1856	1214	642	145	126	19
1972	communication, journalism, and related programs and in communications technologies	12340	14.2	7964	4376	35.5	2200	1443	757	111	96	15
1973	communication, journalism, and related programs and in communications technologies	14317	16.0	9074	5243	36.6	2406	1546	860	139	114	25
1974	communication, journalism, and related programs and in communications technologies	17096	19.4	10536	6560	38.4	2640	1668	972	175	146	29
1975	communication, journalism, and related programs and in communications technologies	19248	12.6	11455	7793	40.5	2794	1618	1176	165	119	46
1976	communication, journalism, and related programs and in communications technologies	21282	10.6	12458	8824	41.5	3126	1818	1308	204	154	50
1977	communication, journalism, and related programs and in communications technologies	23214	9.1	12932	10282	44.3	3091	1719	1372	171	130	41
1978	communication, journalism, and related programs and in communications technologies	25400	9.4	13480	11920	46.9	3296	1673	1623	191	138	53
1979	communication, journalism, and related programs and in communications technologies	26457	4.2	13266	13191	49.9	2882	1483	1399	192	138	54
1980	communication, journalism, and related programs and in communications technologies	28616	8.2	13656	14960	52.3	3082	1527	1555	193	121	72
1981	communication, journalism, and related programs and in communications technologies	31282	9.3	14179	17103	54.7	3105	1448	1657	182	107	75
1982	communication, journalism, and related programs and in communications technologies	34222	9.4	14917	19305	56.4	3327	1578	1749	200	136	64
1983	communication, journalism, and related programs and in communications technologies	38647	12.9	16213	22434	58.0	3600	1660	1940	208	123	85
1984	communication, journalism, and related programs and in communications technologies	40203	4.0	16662	23541	58.6	3620	1578	2042	216	129	87
1985	communication, journalism, and related programs and in communications technologies	42102	4.7	17233	24869	59.1	3657	1574	2083	232	141	91
1986	communication, journalism, and related programs and in communications technologies	43145	2.5	17681	25464	59.0	3808	1603	2205	218	116	102
1987	communication, journalism, and related programs and in communications technologies	45521	5.5	18201	27320	60.0	3881	1584	2297	275	158	117
1988	communication, journalism, and related programs and in communications technologies	46916	3.1	18672	28244	60.2	3916	1568	2348	233	133	100
1989	communication, journalism, and related programs and in communications technologies	48889	4.2	19357	29532	60.4	4249	1734	2515	248	137	111
1990	communication, journalism, and related programs and in communications technologies	51572	5.5	20374	31198	60.5	4353	1705	2648	272	145	127
1991	communication, journalism, and related programs and in communications technologies	53047	2.9	20806	32241	60.8	4327	1711	2616	272	150	122
1992	communication, journalism, and related programs and in communications technologies	55144	4.0	21601	33543	60.8	4463	1692	2771	255	132	123
1993	communication, journalism, and related programs and in communications technologies	54907	-0.4	22154	32753	59.7	5179	1969	3210	301	146	155
1994	communication, journalism, and related programs and in communications technologies	52033	-5.2	21484	30549	58.7	5388	2088	3300	345	174	171
1995	communication, journalism, and related programs and in communications technologies	48969	-5.9	20501	28468	58.1	5559	2086	3473	321	162	159
1996	communication, journalism, and related programs and in communications technologies	48173	-1.6	19868	28305	58.8	5561	2153	3408	345	190	155
1997	communication, journalism, and related programs and in communications technologies	47894	-0.6	19771	28123	58.7	5552	1989	3563	300	155	145
1998	communication, journalism, and related programs and in communications technologies	50263	4.9	20103	30160	60.0	6097	2369	3728	359	171	188
1999	communication, journalism, and related programs and in communications technologies	52397	4.2	20943	31454	60.0	5582	2001	3581	348	182	166
2000	communication, journalism, and related programs and in communications technologies	57058	8.9	22152	34906	61.2	5525	2030	3495	357	168	189
2001	communication, journalism, and related programs and in communications technologies	59191	3.7	22542	36649	61.9	5645	1964	3681	370	190	180
2002	communication, journalism, and related programs and in communications technologies	64036	8.2	23692	40344	63.0	5980	2169	3811	383	168	215
2003	communication, journalism, and related programs and in communications technologies	69828	9.0	25338	44490	63.7	6495	2301	4194	398	179	219
2004	communication, journalism, and related programs and in communications technologies	73002	4.5	25813	47189	64.6	6900	2329	4571	426	186	240
2005	communication, journalism, and related programs and in communications technologies	75238	3.1	26926	48312	64.2	7195	2535	4660	468	195	273
2006	communication, journalism, and related programs and in communications technologies	76936	2.3	28142	48794	63.4	7745	2611	5134	464	207	257
2007	communication, journalism, and related programs and in communications technologies	78420	1.9	29009	49411	63.0	7272	2485	4787	480	188	292
2008	communication, journalism, and related programs and in communications technologies	81048	3.4	30384	50664	62.5	7546	2580	4966	496	209	287
2009	communication, journalism, and related programs and in communications technologies	83084	2.5	31207	51877	62.4	7517	2446	5071	535	225	310
2010	communication, journalism, and related programs and in communications technologies	86062	3.6	32048	54014	62.8	8093	2656	5437	573	225	348
2011	communication, journalism, and related programs and in communications technologies	88089	2.4	33018	55071	62.5	8804	2819	5985	578	207	371
2012	communication, journalism, and related programs and in communications technologies	88754	0.8	33525	55229	62.2	9502	3068	6434	567	242	325
2013	communication, journalism, and related programs and in communications technologies	89805	1.2	33670	56135	62.5	9337	3021	6316	612	246	366
2014	communication, journalism, and related programs and in communications technologies	92591	3.1	34370	58221	62.9	9928	3129	6799	614	267	347
1971	computer and information sciences	2388	0	2064	324	13.6	1588	1424	164	128	125	3
1972	computer and information sciences	3402	42.5	2941	461	13.6	1977	1752	225	167	155	12
1973	computer and information sciences	4304	26.5	3664	640	14.9	2113	1888	225	196	181	15
1974	computer and information sciences	4756	10.5	3976	780	16.4	2276	1983	293	198	189	9
1975	computer and information sciences	5033	5.8	4080	953	18.9	2299	1961	338	213	199	14
1976	computer and information sciences	5652	12.3	4534	1118	19.8	2603	2226	377	244	221	23
1977	computer and information sciences	6407	13.4	4876	1531	23.9	2798	2332	466	216	197	19
1978	computer and information sciences	7201	12.4	5349	1852	25.7	3038	2471	567	196	181	15
1979	computer and information sciences	8719	21.1	6272	2447	28.1	3055	2480	575	236	206	30
1980	computer and information sciences	11154	27.9	7782	3372	30.2	3647	2883	764	240	213	27
1981	computer and information sciences	15121	35.6	10202	4919	32.5	4218	3247	971	252	227	25
1982	computer and information sciences	20267	34.0	13218	7049	34.8	4935	3625	1310	251	230	21
1983	computer and information sciences	24565	21.2	15641	8924	36.3	5321	3813	1508	262	228	34
1984	computer and information sciences	32439	32.1	20416	12023	37.1	6190	4379	1811	251	225	26
1985	computer and information sciences	39121	20.6	24737	14384	36.8	7101	5064	2037	248	223	25
1986	computer and information sciences	42337	8.2	27208	15129	35.7	8070	5658	2412	344	299	45
1987	computer and information sciences	39767	-6.1	25962	13805	34.7	8481	5985	2496	374	322	52
1988	computer and information sciences	34651	-12.9	23414	11237	32.4	9197	6726	2471	428	380	48
1989	computer and information sciences	30560	-11.8	21143	9417	30.8	9414	6775	2639	551	466	85
1990	computer and information sciences	27347	-10.5	19159	8188	29.9	9677	6960	2717	627	534	93
1991	computer and information sciences	25159	-8.0	17771	7388	29.4	9324	6563	2761	676	584	92
1992	computer and information sciences	24821	-1.3	17685	7136	28.7	9655	6980	2675	772	669	103
1993	computer and information sciences	24519	-1.2	17606	6913	28.2	10353	7557	2796	805	689	116
1994	computer and information sciences	24527	0	17528	6999	28.5	10568	7836	2732	810	685	125
1995	computer and information sciences	24737	0.9	17684	7053	28.5	10595	7805	2790	887	726	161
1996	computer and information sciences	24506	-0.9	17757	6749	27.5	10579	7729	2850	869	743	126
1997	computer and information sciences	25422	3.7	18527	6895	27.1	10513	7526	2987	857	721	136
1998	computer and information sciences	27829	9.5	20372	7457	26.8	11765	8343	3422	858	718	140
1999	computer and information sciences	30552	9.8	22289	8263	27.0	12843	8866	3977	806	656	150
2000	computer and information sciences	37788	23.7	27185	10603	28.1	14990	9978	5012	779	648	131
2001	computer and information sciences	44142	16.8	31923	12219	27.7	16911	11195	5716	768	632	136
2002	computer and information sciences	50365	14.1	36462	13903	27.6	17173	11447	5726	752	581	171
2003	computer and information sciences	57433	14.0	41950	15483	27.0	19509	13267	6242	816	648	168
2004	computer and information sciences	59488	3.6	44585	14903	25.1	20143	13868	6275	909	709	200
2005	computer and information sciences	54111	-9.0	42125	11986	22.2	18416	13136	5280	1119	905	214
2006	computer and information sciences	47480	-12.3	37705	9775	20.6	17055	12470	4585	1416	1109	307
2007	computer and information sciences	42170	-11.2	34342	7828	18.6	16232	11985	4247	1595	1267	328
2008	computer and information sciences	38476	-8.8	31694	6782	17.6	17087	12513	4574	1698	1323	375
2009	computer and information sciences	37992	-1.3	31213	6779	17.8	17907	13063	4844	1580	1226	354
2010	computer and information sciences	39593	4.2	32414	7179	18.1	17955	13019	4936	1599	1250	349
2011	computer and information sciences	43066	8.8	35477	7589	17.6	19516	14010	5506	1588	1267	321
2012	computer and information sciences	47406	10.1	38796	8610	18.2	20925	15132	5793	1698	1332	366
2013	computer and information sciences	50961	7.5	41874	9087	17.8	22782	16539	6243	1834	1480	354
2014	computer and information sciences	55367	8.6	45393	9974	18.0	24532	17484	7048	1982	1566	416
1950	education	61472	0	31398	30074	48.9	20069	12025	8044	953	797	156
1960	education	89002	0	25556	63446	71.3	33433	18057	15376	1591	1279	312
1968	education	133965	0	31926	102039	76.2	63399	30672	32727	4078	3250	828
1970	education	163964	0	40420	123544	75.3	78020	34832	43188	5588	4479	1109
1971	education	176307	7.5	44896	131411	74.5	87666	38365	49301	6041	4771	1270
1972	education	190880	8.3	49344	141536	74.1	96668	41141	55527	6648	5104	1544
1973	education	193984	1.6	51300	142684	73.6	103777	43298	60479	6857	5191	1666
1974	education	184907	-4.7	48997	135910	73.5	110402	44112	66290	6757	4974	1783
1975	education	166758	-9.8	44463	122295	73.3	117841	44430	73411	6975	4856	2119
1976	education	154437	-7.4	42004	112433	72.8	126061	44831	81230	7202	4826	2376
1977	education	143234	-7.3	39867	103367	72.2	124267	42308	81959	7338	4832	2506
1978	education	135821	-5.2	37410	98411	72.5	116916	37662	79254	7018	4281	2737
1979	education	125873	-7.3	33743	92130	73.2	109866	34410	75456	7170	4174	2996
1980	education	118038	-6.2	30901	87137	73.8	101819	30300	71519	7314	4100	3214
1981	education	108074	-8.4	27039	81035	75.0	96713	27548	69165	7279	3843	3436
1982	education	100932	-6.6	24380	76552	75.8	91601	25339	66262	6999	3612	3387
1983	education	97908	-3.0	23651	74257	75.8	83254	22824	60430	7063	3550	3513
1984	education	92310	-5.7	22200	70110	76.0	75700	21164	54536	6914	3448	3466
1985	education	88078	-4.6	21254	66824	75.9	74667	20539	54128	6614	3174	3440
1986	education	87147	-1.1	20982	66165	75.9	74816	20302	54514	6610	3088	3522
1987	education	86788	-0.4	20705	66083	76.1	72619	18955	53664	5905	2745	3160
1988	education	90928	4.8	20947	69981	77.0	75270	18777	56493	5568	2530	3038
1989	education	96740	6.4	21643	75097	77.6	79793	19616	60177	5884	2522	3362
1990	education	105112	8.7	23007	82105	78.1	84890	20469	64421	6503	2776	3727
1991	education	110807	5.4	23417	87390	78.9	87352	20448	66904	6189	2614	3575
1992	education	107836	-2.7	22655	85181	79.0	91225	20897	70328	6423	2652	3771
1993	education	107578	-0.2	23199	84379	78.4	94497	21857	72640	6581	2712	3869
1994	education	107440	-0.1	24424	83016	77.3	97427	22656	74771	6450	2555	3895
1995	education	105929	-1.4	25619	80310	75.8	99835	23511	76324	6475	2490	3985
1996	education	105384	-0.5	26214	79170	75.1	104936	24955	79981	6246	2404	3842
1997	education	105116	-0.3	26242	78874	75.0	108720	25518	83202	6297	2367	3930
1998	education	105833	0.7	26285	79548	75.2	113374	26814	86560	6261	2334	3927
1999	education	107372	1.5	26321	81051	75.5	118226	28077	90149	6471	2297	4174
2000	education	108034	0.6	26103	81931	75.8	123045	29081	93964	6409	2295	4114
2001	education	105458	-2.4	24580	80878	76.7	127829	29997	97832	6284	2237	4047
2002	education	106295	0.8	24049	82246	77.4	135189	31907	103282	6549	2211	4338
2003	education	105845	-0.4	22604	83241	78.6	147883	34033	113850	6832	2314	4518
2004	education	106278	0.4	22802	83476	78.5	162345	37843	124502	7088	2403	4685
2005	education	105451	-0.8	22513	82938	78.7	167490	38863	128627	7681	2557	5124
2006	education	107238	1.7	22448	84790	79.1	174620	40700	133920	7584	2664	4920
2007	education	105641	-1.5	22516	83125	78.7	176572	40164	136408	8261	2681	5580
2008	education	102582	-2.9	21828	80754	78.7	175880	40055	135825	8491	2773	5718
2009	education	101716	-0.8	21163	80553	79.2	178538	40312	138226	9028	2956	6072
2010	education	101287	-0.4	20739	80548	79.5	182165	41284	140881	9237	3023	6214
2011	education	104008	2.7	21206	82802	79.6	185127	42043	143084	9642	3070	6572
2012	education	105656	1.6	21714	83942	79.4	179047	41364	137683	10118	3262	6856
2013	education	104698	-0.9	21824	82874	79.2	164652	37816	126836	10572	3418	7154
2014	education	98854	-5.6	20353	78501	79.4	154636	35984	118652	10920	3464	7456
1950	engineering and engineering technologies	52246	0	52071	175	0.3	4496	4481	15	417	416	1
1960	engineering and engineering technologies	37679	0	37537	142	0.4	7159	7133	26	786	783	3
1970	engineering and engineering technologies	44479	0	44149	330	0.7	15593	15421	172	3681	3657	24
1971	engineering and engineering technologies	50182	12.8	49775	407	0.8	16947	16734	213	3688	3663	25
1972	engineering and engineering technologies	51258	2.1	50726	532	1.0	17299	17009	290	3708	3685	23
1973	engineering and engineering technologies	51384	0.2	50766	618	1.2	16988	16694	294	3513	3459	54
1974	engineering and engineering technologies	50412	-1.9	49611	801	1.6	15851	15470	381	3374	3318	56
1975	engineering and engineering technologies	47131	-6.5	46105	1026	2.2	15837	15426	411	3181	3113	68
1976	engineering and engineering technologies	46676	-1.0	45184	1492	3.2	16800	16174	626	2874	2805	69
1977	engineering and engineering technologies	49482	6.0	47238	2244	4.5	16659	15891	768	2622	2547	75
1978	engineering and engineering technologies	56150	13.5	52353	3797	6.8	16887	15940	947	2483	2424	59
1979	engineering and engineering technologies	62898	12.0	57603	5295	8.4	16012	14971	1041	2545	2459	86
1980	engineering and engineering technologies	69387	10.3	62877	6510	9.4	16765	15535	1230	2546	2447	99
1981	engineering and engineering technologies	75355	8.6	67573	7782	10.3	17216	15761	1455	2608	2499	109
1982	engineering and engineering technologies	80632	7.0	71305	9327	11.6	18475	16747	1728	2676	2532	144
1983	engineering and engineering technologies	89811	11.4	78673	11138	12.4	19949	18038	1911	2871	2742	129
1984	engineering and engineering technologies	95295	6.1	82841	12454	13.1	21197	18916	2281	3032	2864	168
1985	engineering and engineering technologies	97099	1.9	83991	13108	13.5	22124	19688	2436	3269	3055	214
1986	engineering and engineering technologies	97122	0	84050	13072	13.5	22146	19545	2601	3456	3220	236
1987	engineering and engineering technologies	93560	-3.7	80543	13017	13.9	23101	20137	2964	3854	3585	269
1988	engineering and engineering technologies	89406	-4.4	76886	12520	14.0	23839	20815	3024	4237	3941	296
1989	engineering and engineering technologies	85982	-3.8	74020	11962	13.9	25066	21731	3335	4572	4160	412
1990	engineering and engineering technologies	82480	-4.1	70859	11621	14.1	25294	21753	3541	5030	4576	454
1991	engineering and engineering technologies	79751	-3.3	68482	11269	14.1	25450	21780	3670	5330	4834	496
1992	engineering and engineering technologies	78036	-2.2	67086	10950	14.0	26373	22397	3976	5499	4967	532
1993	engineering and engineering technologies	78619	0.7	67214	11405	14.5	29103	24721	4382	5870	5300	570
1994	engineering and engineering technologies	78580	0	66867	11713	14.9	30102	25394	4708	5954	5288	666
1995	engineering and engineering technologies	78483	-0.1	66157	12326	15.7	29949	25028	4921	6108	5378	730
1996	engineering and engineering technologies	77997	-0.6	65362	12635	16.2	28843	23840	5003	6354	5559	795
1997	engineering and engineering technologies	75659	-3.0	62994	12665	16.7	27016	22047	4969	6166	5408	758
1998	engineering and engineering technologies	74557	-1.5	61880	12677	17.0	27244	21800	5444	5966	5230	736
1999	engineering and engineering technologies	72796	-2.4	59859	12937	17.8	26689	21348	5341	5413	4643	770
2000	engineering and engineering technologies	73323	0.7	59668	13655	18.6	26648	21047	5601	5367	4539	828
2001	engineering and engineering technologies	72869	-0.6	59489	13380	18.4	27187	21341	5846	5547	4630	917
2002	engineering and engineering technologies	74588	2.4	60417	14171	19.0	26987	21212	5775	5181	4285	896
2003	engineering and engineering technologies	77231	3.5	62821	14410	18.7	30583	24097	6486	5252	4353	899
2004	engineering and engineering technologies	78079	1.1	63401	14678	18.8	35053	27561	7492	5859	4821	1038
2005	engineering and engineering technologies	79544	1.9	65033	14511	18.2	34988	27049	7939	6467	5263	1204
2006	engineering and engineering technologies	81406	2.3	66866	14540	17.9	33389	25568	7821	7318	5848	1470
2007	engineering and engineering technologies	81854	0.6	68081	13773	16.8	31989	24746	7243	7928	6285	1643
2008	engineering and engineering technologies	83608	2.1	69540	14068	16.8	34430	26461	7969	7977	6263	1714
2009	engineering and engineering technologies	84404	1.0	70504	13900	16.5	38008	29458	8550	7803	6123	1680
2010	engineering and engineering technologies	88735	5.1	73838	14897	16.8	39391	30554	8837	7773	5986	1787
2011	engineering and engineering technologies	93097	4.9	77080	16017	17.2	43179	33372	9807	8425	6548	1877
2012	engineering and engineering technologies	98654	6.0	81364	17290	17.5	45116	34712	10404	8856	6838	2018
2013	engineering and engineering technologies	102997	4.4	84645	18352	17.8	45328	34496	10832	9467	7305	2162
2014	engineering and engineering technologies	108969	5.8	88938	20031	18.4	47326	35777	11549	10117	7820	2297
1950	English language and literature/letters	17240	0	8221	9019	52.3	2259	1320	939	230	181	49
1960	English language and literature/letters	20128	0	7580	12548	62.3	2931	1458	1473	397	314	83
1968	English language and literature/letters	47977	0	15700	32277	67.3	7916	3434	4482	977	717	260
1970	English language and literature/letters	56410	0	18650	37760	66.9	8517	3326	5191	1213	837	376
1971	English language and literature/letters	63914	13.3	22005	41909	65.6	10441	4126	6315	1554	1107	447
1972	English language and literature/letters	63707	-0.3	22580	41127	64.6	10412	4066	6346	1734	1173	561
1973	English language and literature/letters	60607	-4.9	22022	38585	63.7	10035	3988	6047	1817	1189	628
1974	English language and literature/letters	54190	-10.6	20082	34108	62.9	9573	3824	5749	1755	1142	613
1975	English language and literature/letters	47062	-13.2	17689	29373	62.4	9178	3463	5715	1595	974	621
1976	English language and literature/letters	41452	-11.9	15898	25554	61.6	8599	3290	5309	1514	895	619
1977	English language and literature/letters	37343	-9.9	14135	23208	62.1	7824	2907	4917	1373	768	605
1978	English language and literature/letters	34799	-6.8	12972	21827	62.7	7444	2623	4821	1272	698	574
1979	English language and literature/letters	33218	-4.5	12085	21133	63.6	6503	2307	4196	1186	639	547
1980	English language and literature/letters	32187	-3.1	11237	20950	65.1	6026	2181	3845	1196	635	561
1981	English language and literature/letters	31922	-0.8	11082	20840	65.3	5742	2026	3716	1040	497	543
1982	English language and literature/letters	33078	3.6	11300	21778	65.8	5593	1916	3677	986	467	519
1983	English language and literature/letters	31327	-5.3	10699	20628	65.8	4866	1653	3213	877	419	458
1984	English language and literature/letters	32296	3.1	11007	21289	65.9	4814	1681	3133	899	413	486
1985	English language and literature/letters	32686	1.2	11195	21491	65.7	4987	1723	3264	915	414	501
1986	English language and literature/letters	34083	4.3	11657	22426	65.8	5335	1811	3524	895	390	505
1987	English language and literature/letters	35667	4.6	12133	23534	66.0	5298	1819	3479	853	367	486
1988	English language and literature/letters	38106	6.8	12687	25419	66.7	5366	1796	3570	858	380	478
1989	English language and literature/letters	41786	9.7	13729	28057	67.1	5716	1930	3786	929	405	524
1990	English language and literature/letters	46803	12.0	15437	31366	67.0	6317	2125	4192	986	444	542
1991	English language and literature/letters	51064	9.1	16891	34173	66.9	6784	2203	4581	1056	469	587
1992	English language and literature/letters	54250	6.2	18314	35936	66.2	7215	2441	4774	1142	484	658
1993	English language and literature/letters	55289	1.9	19007	36282	65.6	7537	2570	4967	1201	495	706
1994	English language and literature/letters	53150	-3.9	18214	34936	65.7	7611	2620	4991	1205	512	693
1995	English language and literature/letters	51170	-3.7	17581	33589	65.6	7612	2672	4940	1393	589	804
1996	English language and literature/letters	49928	-2.4	17007	32921	65.9	7657	2727	4930	1395	535	860
1997	English language and literature/letters	48641	-2.6	16325	32316	66.4	7487	2650	4837	1431	610	821
1998	English language and literature/letters	49016	0.8	16280	32736	66.8	7587	2568	5019	1489	611	878
1999	English language and literature/letters	49877	1.8	16332	33545	67.3	7326	2452	4874	1412	554	858
2000	English language and literature/letters	50106	0.5	16124	33982	67.8	7022	2315	4707	1470	611	859
2001	English language and literature/letters	50569	0.9	15997	34572	68.4	6763	2160	4603	1330	533	797
2002	English language and literature/letters	52375	3.6	16457	35918	68.6	7097	2270	4827	1291	532	759
2003	English language and literature/letters	53699	2.5	16738	36961	68.8	7428	2433	4995	1246	492	754
2004	English language and literature/letters	53984	0.5	16792	37192	68.9	7956	2459	5497	1207	479	728
2005	English language and literature/letters	54379	0.7	17154	37225	68.5	8468	2615	5853	1212	494	718
2006	English language and literature/letters	55096	1.3	17316	37780	68.6	8845	2860	5985	1254	510	744
2007	English language and literature/letters	55122	0	17475	37647	68.3	8742	2867	5875	1178	478	700
2008	English language and literature/letters	55038	0	17681	37357	67.9	9161	3027	6134	1262	453	809
2009	English language and literature/letters	55465	0.8	17973	37492	67.6	9262	3000	6262	1271	464	807
2010	English language and literature/letters	53229	-4.0	17050	36179	68.0	9202	3006	6196	1334	523	811
2011	English language and literature/letters	52754	-0.9	16917	35837	67.9	9475	3137	6338	1344	529	815
2012	English language and literature/letters	53765	1.9	16976	36789	68.4	9938	3403	6535	1427	548	879
2013	English language and literature/letters	52401	-2.5	16508	35893	68.5	9755	3213	6542	1377	554	823
2014	English language and literature/letters	50404	-3.8	15809	34595	68.6	9292	3113	6179	1393	557	836
1960	foreign languages and literatures	5462	0	2090	3372	61.7	1125	590	535	229	166	63
1968	foreign languages and literatures	19254	0	5253	14001	72.7	4849	2068	2781	707	503	204
1970	foreign languages and literatures	21109	0	5613	15496	73.4	5137	1917	3220	869	579	290
1971	foreign languages and literatures	20988	-0.6	5508	15480	73.8	5480	1961	3519	1084	714	370
1972	foreign languages and literatures	19890	-5.2	5196	14694	73.9	5283	1919	3364	1134	742	392
1973	foreign languages and literatures	20170	1.4	5119	15051	74.6	5068	1909	3159	1347	829	518
1974	foreign languages and literatures	20197	0.1	5063	15134	74.9	4851	1788	3063	1248	703	545
1975	foreign languages and literatures	19103	-5.4	4723	14380	75.3	4721	1672	3049	1220	665	555
1976	foreign languages and literatures	17068	-10.7	4270	12798	75.0	4432	1581	2851	1245	643	602
1977	foreign languages and literatures	15496	-9.2	3965	11531	74.4	4056	1365	2691	1103	574	529
1978	foreign languages and literatures	14334	-7.5	3684	10650	74.3	3624	1194	2430	1002	490	512
1979	foreign languages and literatures	13211	-7.8	3391	9820	74.3	3248	1092	2156	960	471	489
1980	foreign languages and literatures	12480	-5.5	3226	9254	74.2	3067	1026	2041	857	412	445
1981	foreign languages and literatures	11638	-6.7	3013	8625	74.1	2934	1039	1895	931	460	471
1982	foreign languages and literatures	11175	-4.0	2919	8256	73.9	2892	997	1895	869	407	462
1983	foreign languages and literatures	11170	0	3048	8122	72.7	2706	1001	1705	790	362	428
1984	foreign languages and literatures	10985	-1.7	3098	7887	71.8	2814	984	1830	779	353	426
1985	foreign languages and literatures	11436	4.1	3186	8250	72.1	2708	932	1776	761	342	419
1986	foreign languages and literatures	11550	1.0	3374	8176	70.8	2690	878	1812	768	338	430
1987	foreign languages and literatures	11706	1.4	3374	8332	71.2	2574	847	1727	769	332	437
1988	foreign languages and literatures	11515	-1.6	3223	8292	72.0	2680	931	1749	725	330	395
1989	foreign languages and literatures	12403	7.7	3432	8971	72.3	2837	955	1882	727	317	410
1990	foreign languages and literatures	13133	5.9	3625	9508	72.4	3018	987	2031	816	348	468
1991	foreign languages and literatures	13937	6.1	4008	9929	71.2	3049	1018	2031	889	396	493
1992	foreign languages and literatures	14634	5.0	4225	10409	71.1	3229	1074	2155	984	434	550
1993	foreign languages and literatures	15305	4.6	4435	10870	71.0	3513	1182	2331	977	417	560
1994	foreign languages and literatures	15242	-0.4	4573	10669	70.0	3612	1199	2413	1033	418	615
1995	foreign languages and literatures	14558	-4.5	4496	10062	69.1	3439	1124	2315	1081	479	602
1996	foreign languages and literatures	14832	1.9	4514	10318	69.6	3443	1141	2302	1020	446	574
1997	foreign languages and literatures	14487	-2.3	4388	10099	69.7	3361	1104	2257	1064	450	614
1998	foreign languages and literatures	15279	5.5	4585	10694	70.0	3181	1033	2148	1118	473	645
1999	foreign languages and literatures	15835	3.6	4738	11097	70.1	3109	976	2133	1049	443	606
2000	foreign languages and literatures	15886	0.3	4616	11270	70.9	3037	944	2093	1086	446	640
2001	foreign languages and literatures	16128	1.5	4695	11433	70.9	3035	969	2066	1078	420	658
2002	foreign languages and literatures	16258	0.8	4685	11573	71.2	3075	958	2117	1003	418	585
2003	foreign languages and literatures	16912	4.0	4996	11916	70.5	3049	874	2175	1042	424	618
2004	foreign languages and literatures	17754	5.0	5215	12539	70.6	3124	957	2167	1031	410	621
2005	foreign languages and literatures	18386	3.6	5370	13016	70.8	3407	1056	2351	1027	410	617
2006	foreign languages and literatures	19410	5.6	5842	13568	69.9	3539	1049	2490	1074	436	638
2007	foreign languages and literatures	20275	4.5	6173	14102	69.6	3443	1058	2385	1059	437	622
2008	foreign languages and literatures	20977	3.5	6254	14723	70.2	3565	1128	2437	1078	431	647
2009	foreign languages and literatures	21169	0.9	6305	14864	70.2	3592	1211	2381	1111	426	685
2010	foreign languages and literatures	21507	1.6	6607	14900	69.3	3756	1254	2502	1091	446	645
2011	foreign languages and literatures	21705	0.9	6719	14986	69.0	3727	1256	2471	1158	477	681
2012	foreign languages and literatures	21756	0.2	6629	15127	69.5	3827	1280	2547	1231	497	734
2013	foreign languages and literatures	21647	-0.5	6842	14805	68.4	3708	1235	2473	1304	531	773
2014	foreign languages and literatures	20335	-6.1	6266	14069	69.2	3482	1222	2260	1231	498	733
1971	the health professions and related programs	25223	0	5785	19438	77.1	5330	2165	3165	15988	14863	1125
1972	the health professions and related programs	28611	13.4	7005	21606	75.5	6811	2749	4062	16538	15373	1165
1973	the health professions and related programs	33562	17.3	7752	25810	76.9	7978	3189	4789	18215	16870	1345
1974	the health professions and related programs	41421	23.4	9347	32074	77.4	9232	3444	5788	20094	18287	1807
1975	the health professions and related programs	49002	18.3	10844	38158	77.9	10277	3686	6591	22191	19808	2383
1976	the health professions and related programs	53885	10.0	11386	42499	78.9	12164	3837	8327	25267	21980	3287
1977	the health professions and related programs	57222	6.2	11896	45326	79.2	12627	3865	8762	24972	21022	3950
1978	the health professions and related programs	59445	3.9	11600	47845	80.5	14027	3972	10055	26516	21622	4894
1979	the health professions and related programs	62095	4.5	11214	50881	81.9	15110	4155	10955	27766	22194	5572
1980	the health professions and related programs	63848	2.8	11330	52518	82.3	15374	4060	11314	28190	22157	6033
1981	the health professions and related programs	63665	-0.3	10531	53134	83.5	16176	4024	12152	29595	22792	6803
1982	the health professions and related programs	63660	0	10110	53550	84.1	16212	3743	12469	30096	22968	7128
1983	the health professions and related programs	65642	3.1	10247	55395	84.4	16941	4138	12803	30800	22920	7880
1984	the health professions and related programs	65305	-0.5	10068	55237	84.6	17351	4124	13227	31655	22851	8804
1985	the health professions and related programs	65331	0	9741	55590	85.1	17442	4046	13396	31493	22045	9448
1986	the health professions and related programs	65309	0	9629	55680	85.3	18603	4355	14248	31922	22069	9853
1987	the health professions and related programs	63963	-2.1	9137	54826	85.7	18442	3818	14624	29500	19686	9814
1988	the health professions and related programs	61614	-3.7	8955	52659	85.5	18774	4004	14770	30060	19853	10207
1989	the health professions and related programs	59850	-2.9	8878	50972	85.2	19493	4197	15296	30546	19893	10653
1990	the health professions and related programs	58983	-1.4	9075	49908	84.6	20406	4486	15920	30101	19118	10983
1991	the health professions and related programs	59875	1.5	9619	50256	83.9	21354	4423	16931	29842	18492	11350
1992	the health professions and related programs	62779	4.9	10330	52449	83.5	23671	4794	18877	31479	19362	12117
1993	the health professions and related programs	68434	9.0	11605	56829	83.0	26190	5249	20941	31089	18446	12643
1994	the health professions and related programs	75890	10.9	13377	62513	82.4	28442	5813	22629	30959	17988	12971
1995	the health professions and related programs	81596	7.5	14812	66784	81.8	31770	6718	25052	32124	18463	13661
1996	the health professions and related programs	86087	5.5	15942	70145	81.5	33920	7017	26903	32678	18495	14183
1997	the health professions and related programs	87997	2.2	16440	71557	81.3	36162	7536	28626	34971	19619	15352
1998	the health professions and related programs	86843	-1.3	15700	71143	81.9	39567	8644	30923	35369	19370	15999
1999	the health professions and related programs	84989	-2.1	15191	69798	82.1	40628	9152	31476	35939	19673	16266
2000	the health professions and related programs	80863	-4.9	13342	67521	83.5	42593	9500	33093	37829	19984	17845
2001	the health professions and related programs	75933	-6.1	12514	63419	83.5	43623	9711	33912	39019	20260	18759
2002	the health professions and related programs	72887	-4.0	10869	62018	85.1	43560	9588	33972	39435	19760	19675
2003	the health professions and related programs	71261	-2.2	10096	61165	85.8	42748	9280	33468	39799	19493	20306
2004	the health professions and related programs	73934	3.8	10017	63917	86.5	44939	9670	35269	41861	19587	22274
2005	the health professions and related programs	80685	9.1	10858	69827	86.5	46703	9816	36887	44201	19697	24504
2006	the health professions and related programs	91973	14.0	12914	79059	86.0	51380	10630	40750	45677	19640	26037
2007	the health professions and related programs	101810	10.7	14325	87485	85.9	54531	10636	43895	48943	20522	28421
2008	the health professions and related programs	111478	9.5	16286	95192	85.4	58120	11010	47110	51675	21616	30059
2009	the health professions and related programs	120420	8.0	17776	102644	85.2	62642	11848	50794	54846	22678	32168
2010	the health professions and related programs	129623	7.6	19309	110314	85.1	69112	12874	56238	57750	23946	33804
2011	the health professions and related programs	143463	10.7	21540	121923	85.0	75571	14034	61537	60221	25386	34835
2012	the health professions and related programs	163675	14.1	24905	138770	84.8	84355	15675	68680	62097	26074	36023
2013	the health professions and related programs	181149	10.7	28208	152941	84.4	90933	16747	74186	64192	26852	37340
2014	the health professions and related programs	198770	9.7	30931	167839	84.4	97403	17749	79654	67448	28084	39364
1950	mathematics and statistics	6382	0	4942	1440	22.6	974	784	190	160	151	9
1960	mathematics and statistics	11399	0	8293	3106	27.2	1757	1422	335	303	285	18
1968	mathematics and statistics	23513	0	14782	8731	37.1	5527	4199	1328	947	895	52
1970	mathematics and statistics	27442	0	17177	10265	37.4	5636	3966	1670	1236	1140	96
1971	mathematics and statistics	24801	-9.6	15369	9432	38.0	5191	3673	1518	1199	1106	93
1972	mathematics and statistics	23713	-4.4	14454	9259	39.0	5198	3655	1543	1128	1039	89
1973	mathematics and statistics	23067	-2.7	13796	9271	40.2	5028	3525	1503	1068	966	102
1974	mathematics and statistics	21635	-6.2	12791	8844	40.9	4834	3337	1497	1031	931	100
1975	mathematics and statistics	18181	-16.0	10586	7595	41.8	4327	2905	1422	975	865	110
1976	mathematics and statistics	15984	-12.1	9475	6509	40.7	3857	2547	1310	856	762	94
1977	mathematics and statistics	14196	-11.2	8303	5893	41.5	3695	2396	1299	823	714	109
1978	mathematics and statistics	12569	-11.5	7398	5171	41.1	3373	2228	1145	805	681	124
1979	mathematics and statistics	11806	-6.1	6899	4907	41.6	3036	1985	1051	730	608	122
1980	mathematics and statistics	11378	-3.6	6562	4816	42.3	2860	1828	1032	724	624	100
1981	mathematics and statistics	11078	-2.6	6342	4736	42.8	2567	1692	875	728	614	114
1982	mathematics and statistics	11599	4.7	6593	5006	43.2	2727	1821	906	681	587	94
1983	mathematics and statistics	12294	6.0	6888	5406	44.0	2810	1838	972	697	581	116
1984	mathematics and statistics	13087	6.5	7290	5797	44.3	2723	1773	950	695	569	126
1985	mathematics and statistics	15009	14.7	8080	6929	46.2	2859	1858	1001	699	590	109
1986	mathematics and statistics	16122	7.4	8623	7499	46.5	3131	2028	1103	742	618	124
1987	mathematics and statistics	16257	0.8	8673	7584	46.7	3283	1995	1288	723	598	125
1988	mathematics and statistics	15712	-3.4	8408	7304	46.5	3413	2052	1361	750	625	125
1989	mathematics and statistics	15017	-4.4	8081	6936	46.2	3405	2061	1344	866	700	166
1990	mathematics and statistics	14276	-4.9	7674	6602	46.2	3624	2172	1452	917	754	163
1991	mathematics and statistics	14393	0.8	7580	6813	47.3	3549	2096	1453	978	790	188
1992	mathematics and statistics	14468	0.5	7668	6800	47.0	3558	2151	1407	1048	825	223
1993	mathematics and statistics	14384	-0.6	7566	6818	47.4	3644	2151	1493	1138	867	271
1994	mathematics and statistics	14171	-1.5	7594	6577	46.4	3682	2237	1445	1125	880	245
1995	mathematics and statistics	13494	-4.8	7154	6340	47.0	3820	2289	1531	1181	919	262
1996	mathematics and statistics	12713	-5.8	6847	5866	46.1	3651	2178	1473	1158	919	239
1997	mathematics and statistics	12401	-2.5	6649	5752	46.4	3504	2055	1449	1134	861	273
1998	mathematics and statistics	11795	-4.9	6247	5548	47.0	3409	1985	1424	1215	903	312
1999	mathematics and statistics	12011	1.8	6206	5805	48.3	3304	1912	1392	1107	812	295
2000	mathematics and statistics	11418	-4.9	5955	5463	47.8	3208	1749	1459	1075	803	272
2001	mathematics and statistics	11171	-2.2	5791	5380	48.2	3209	1857	1352	997	715	282
2002	mathematics and statistics	11950	7.0	6333	5617	47.0	3350	1913	1437	923	658	265
2003	mathematics and statistics	12505	4.6	6784	5721	45.7	3620	1996	1624	1007	734	273
2004	mathematics and statistics	13327	6.6	7203	6124	46.0	4191	2302	1889	1060	762	298
2005	mathematics and statistics	14351	7.7	7937	6414	44.7	4477	2525	1952	1176	841	335
2006	mathematics and statistics	14770	2.9	8115	6655	45.1	4730	2712	2018	1293	911	382
2007	mathematics and statistics	14954	1.2	8360	6594	44.1	4884	2859	2025	1351	949	402
2008	mathematics and statistics	15192	1.6	8490	6702	44.1	4980	2860	2120	1360	938	422
2009	mathematics and statistics	15507	2.1	8801	6706	43.2	5211	3064	2147	1535	1059	476
2010	mathematics and statistics	16029	3.4	9087	6942	43.3	5639	3378	2261	1596	1118	478
2011	mathematics and statistics	17182	7.2	9782	7400	43.1	5866	3459	2407	1586	1132	454
2012	mathematics and statistics	18841	9.7	10722	8119	43.1	6246	3695	2551	1669	1198	471
2013	mathematics and statistics	20449	8.5	11599	8850	43.3	6957	4178	2779	1823	1292	531
2014	mathematics and statistics	20980	2.6	11967	9013	43.0	7273	4256	3017	1863	1325	538
1960	the physical sciences and science technologies	16007	0	14013	1994	12.5	3376	3049	327	1838	1776	62
1968	the physical sciences and science technologies	19380	0	16739	2641	13.6	5499	4869	630	3593	3405	188
1970	the physical sciences and science technologies	21439	0	18522	2917	13.6	5908	5069	839	4271	4038	233
1971	the physical sciences and science technologies	21410	-0.1	18457	2953	13.8	6336	5495	841	4324	4082	242
1972	the physical sciences and science technologies	20743	-3.1	17661	3082	14.9	6268	5390	878	4075	3805	270
1973	the physical sciences and science technologies	20692	-0.2	17622	3070	14.8	6230	5388	842	3961	3698	263
1974	the physical sciences and science technologies	21170	2.3	17669	3501	16.5	6019	5157	862	3558	3312	246
1975	the physical sciences and science technologies	20770	-1.9	16986	3784	18.2	5782	4949	833	3577	3284	293
1976	the physical sciences and science technologies	21458	3.3	17349	4109	19.1	5428	4622	806	3388	3097	291
1977	the physical sciences and science technologies	22482	4.8	17985	4497	20.0	5281	4411	870	3295	2981	314
1978	the physical sciences and science technologies	22975	2.2	18083	4892	21.3	5507	4583	924	3073	2763	310
1979	the physical sciences and science technologies	23197	1.0	17976	5221	22.5	5418	4438	980	3061	2717	344
1980	the physical sciences and science technologies	23407	0.9	17861	5546	23.7	5167	4210	957	3044	2669	375
1981	the physical sciences and science technologies	23936	2.3	18052	5884	24.6	5246	4172	1074	3105	2733	372
1982	the physical sciences and science technologies	24045	0.5	17861	6184	25.7	5446	4274	1172	3246	2804	442
1983	the physical sciences and science technologies	23374	-2.8	16988	6386	27.3	5250	4131	1119	3214	2767	447
1984	the physical sciences and science technologies	23645	1.2	17112	6533	27.6	5541	4249	1292	3269	2789	480
1985	the physical sciences and science technologies	23694	0.2	17065	6629	28.0	5752	4425	1327	3349	2808	541
1986	the physical sciences and science technologies	21711	-8.4	15750	5961	27.5	5860	4443	1417	3521	2946	575
1987	the physical sciences and science technologies	20060	-7.6	14365	5695	28.4	5586	4193	1393	3629	3004	625
1988	the physical sciences and science technologies	17797	-11.3	12385	5412	30.4	5696	4300	1396	3758	3085	673
1989	the physical sciences and science technologies	17179	-3.5	12071	5108	29.7	5691	4180	1511	3795	3046	749
1990	the physical sciences and science technologies	16056	-6.5	11026	5030	31.3	5410	3996	1414	4116	3328	788
1991	the physical sciences and science technologies	16334	1.7	11170	5164	31.6	5281	3823	1458	4248	3417	831
1992	the physical sciences and science technologies	16970	3.9	11443	5527	32.6	5397	3935	1462	4378	3433	945
1993	the physical sciences and science technologies	17577	3.6	11853	5724	32.6	5392	3840	1552	4372	3426	946
1994	the physical sciences and science technologies	18474	5.1	12271	6203	33.6	5718	4069	1649	4652	3657	995
1995	the physical sciences and science technologies	19247	4.2	12556	6691	34.8	5798	4058	1740	4486	3443	1043
1996	the physical sciences and science technologies	19716	2.4	12634	7082	35.9	5910	4031	1879	4589	3543	1046
1997	the physical sciences and science technologies	19594	-0.6	12285	7309	37.3	5616	3799	1817	4501	3479	1022
1998	the physical sciences and science technologies	19454	-0.7	11999	7455	38.3	5411	3484	1927	4592	3451	1141
1999	the physical sciences and science technologies	18448	-5.2	11119	7329	39.7	5241	3454	1787	4229	3206	1023
2000	the physical sciences and science technologies	18427	-0.1	11019	7408	40.2	4888	3167	1721	4017	3002	1015
2001	the physical sciences and science technologies	18025	-2.2	10628	7397	41.0	5134	3276	1858	3968	2914	1054
2002	the physical sciences and science technologies	17890	-0.7	10349	7541	42.2	5082	3186	1896	3824	2766	1058
2003	the physical sciences and science technologies	18038	0.8	10625	7413	41.1	5196	3284	1912	3939	2854	1085
2004	the physical sciences and science technologies	18131	0.5	10577	7554	41.7	5714	3470	2244	3937	2855	1082
2005	the physical sciences and science technologies	19104	5.4	11065	8039	42.1	5823	3569	2254	4248	3071	1177
2006	the physical sciences and science technologies	20522	7.4	11978	8544	41.6	6063	3666	2397	4642	3258	1384
2007	the physical sciences and science technologies	21291	3.7	12604	8687	40.8	6012	3675	2337	5041	3454	1587
2008	the physical sciences and science technologies	22179	4.2	13143	9036	40.7	6061	3762	2299	4994	3513	1481
2009	the physical sciences and science technologies	22691	2.3	13465	9226	40.7	5862	3576	2286	5237	3554	1683
2010	the physical sciences and science technologies	23381	3.0	13866	9515	40.7	6066	3654	2412	5065	3406	1659
2011	the physical sciences and science technologies	24705	5.7	14778	9927	40.2	6386	3907	2479	5295	3608	1687
2012	the physical sciences and science technologies	26664	7.9	15972	10692	40.1	6911	4299	2612	5370	3609	1761
2013	the physical sciences and science technologies	28053	5.2	17142	10911	38.9	7014	4377	2637	5514	3646	1868
2014	the physical sciences and science technologies	29304	4.5	17802	11502	39.3	6984	4312	2672	5806	3873	1933
1950	psychology	9569	0	6055	3514	36.7	1316	948	368	283	241	42
1960	psychology	8061	0	4773	3288	40.8	1406	981	425	641	544	97
1968	psychology	23819	0	13792	10027	42.1	3479	2321	1158	1268	982	286
1970	psychology	33679	0	19077	14602	43.4	5158	2975	2183	1962	1505	457
1971	psychology	38187	13.4	21227	16960	44.4	5717	3395	2322	2144	1629	515
1972	psychology	43433	13.7	23352	20081	46.2	6764	3934	2830	2277	1694	583
1973	psychology	47940	10.4	25117	22823	47.6	7619	4325	3294	2550	1797	753
1974	psychology	52139	8.8	25868	26271	50.4	8796	4983	3813	2872	1987	885
1975	psychology	51245	-1.7	24284	26961	52.6	9394	5035	4359	2913	1979	934
1976	psychology	50278	-1.9	22898	27380	54.5	10167	5136	5031	3157	2115	1042
1977	psychology	47861	-4.8	20627	27234	56.9	10859	5293	5566	3386	2127	1259
1978	psychology	44879	-6.2	18422	26457	59.0	10282	4670	5612	3164	1974	1190
1979	psychology	42697	-4.9	16540	26157	61.3	10132	4405	5727	3228	1895	1333
1980	psychology	42093	-1.4	15440	26653	63.3	9938	4096	5842	3395	1921	1474
1981	psychology	41068	-2.4	14332	26736	65.1	10223	4066	6157	3576	2002	1574
1982	psychology	41212	0.4	13645	27567	66.9	9947	3823	6124	3461	1856	1605
1983	psychology	40460	-1.8	13131	27329	67.5	9981	3647	6334	3602	1838	1764
1984	psychology	39955	-1.2	12812	27143	67.9	9525	3400	6125	3535	1774	1761
1985	psychology	39900	-0.1	12706	27194	68.2	9891	3452	6439	3447	1739	1708
1986	psychology	40628	1.8	12605	28023	69.0	9845	3347	6498	3593	1724	1869
1987	psychology	43152	6.2	13395	29757	69.0	11000	3516	7484	4062	1801	2261
1988	psychology	45371	5.1	13579	31792	70.1	10488	3256	7232	3973	1783	2190
1989	psychology	49083	8.2	14265	34818	70.9	11329	3465	7864	4143	1773	2370
1990	psychology	53952	9.9	15336	38616	71.6	10730	3377	7353	3811	1566	2245
1991	psychology	58655	8.7	16067	42588	72.6	11349	3329	8020	3932	1520	2412
1992	psychology	63683	8.6	17062	46621	73.2	11659	3335	8324	3814	1490	2324
1993	psychology	66931	5.1	17942	48989	73.2	12518	3380	9138	4100	1570	2530
1994	psychology	69419	3.7	18668	50751	73.1	13723	3763	9960	4021	1497	2524
1995	psychology	72233	4.1	19570	52663	72.9	15378	4210	11168	4252	1562	2690
1996	psychology	73416	1.6	19836	53580	73.0	15152	4090	11062	4141	1380	2761
1997	psychology	74308	1.2	19408	54900	73.9	15769	4155	11614	4507	1495	3012
1998	psychology	74107	-0.3	18976	55131	74.4	15142	3978	11164	4541	1470	3071
1999	psychology	73747	-0.5	18376	55371	75.1	15560	3959	11601	4678	1528	3150
2000	psychology	74194	0.6	17451	56743	76.5	15740	3821	11919	4731	1529	3202
2001	psychology	73645	-0.7	16585	57060	77.5	16539	3892	12647	5091	1598	3493
2002	psychology	76775	4.3	17284	59491	77.5	16357	3814	12543	4759	1503	3256
2003	psychology	78650	2.4	17514	61136	77.7	17161	3839	13322	4835	1483	3352
2004	psychology	82098	4.4	18193	63905	77.8	17898	3789	14109	4827	1496	3331
2005	psychology	85614	4.3	19000	66614	77.8	18830	3900	14930	5106	1466	3640
2006	psychology	88134	2.9	19865	68269	77.5	19770	4079	15691	4921	1347	3574
2007	psychology	90039	2.2	20343	69696	77.4	21037	4265	16772	5153	1382	3771
2008	psychology	92587	2.8	21202	71385	77.1	21431	4356	17075	5296	1440	3856
2009	psychology	94273	1.8	21490	72783	77.2	23415	4789	18626	5477	1478	3999
2010	psychology	97215	3.1	22262	74953	77.1	23763	4799	18964	5540	1478	4062
2011	psychology	100906	3.8	23230	77676	77.0	25062	5127	19935	5851	1481	4370
2012	psychology	109099	8.1	25420	83679	76.7	27052	5482	21570	5936	1525	4411
2013	psychology	114446	4.9	26814	87632	76.6	27787	5715	22072	6326	1628	4698
2014	psychology	117298	2.5	27304	89994	76.7	27966	5731	22235	6634	1680	4954
1971	public administration and social services	5466	0	1726	3740	68.4	7785	3893	3892	174	132	42
1972	public administration and social services	7508	37.4	2588	4920	65.5	8756	4537	4219	193	150	43
1973	public administration and social services	10690	42.4	3998	6692	62.6	10068	5271	4797	198	160	38
1974	public administration and social services	11966	11.9	4266	7700	64.3	11415	6028	5387	201	154	47
1975	public administration and social services	13661	14.2	4630	9031	66.1	13617	7200	6417	257	192	65
1976	public administration and social services	15440	13.0	5706	9734	63.0	15209	7969	7240	292	192	100
1977	public administration and social services	16136	4.5	5544	10592	65.6	17026	8810	8216	292	197	95
1978	public administration and social services	16607	2.9	5096	11511	69.3	17337	8513	8824	357	237	120
1979	public administration and social services	17328	4.3	4938	12390	71.5	17306	8051	9255	315	215	100
1980	public administration and social services	16644	-3.9	4451	12193	73.3	17560	7866	9694	342	216	126
1981	public administration and social services	16707	0.4	4248	12459	74.6	17803	7460	10343	362	212	150
1982	public administration and social services	16495	-1.3	4176	12319	74.7	17416	6975	10441	372	205	167
1983	public administration and social services	14414	-12.6	3343	11071	76.8	16046	5961	10085	347	184	163
1984	public administration and social services	12570	-12.8	2998	9572	76.1	15060	5634	9426	420	230	190
1985	public administration and social services	11754	-6.5	2829	8925	75.9	15575	5573	10002	431	213	218
1986	public administration and social services	11887	1.1	2966	8921	75.0	15692	5594	10098	382	171	211
1987	public administration and social services	12328	3.7	2993	9335	75.7	16432	5673	10759	398	216	182
1988	public administration and social services	12385	0.5	2923	9462	76.4	16424	5631	10793	470	238	232
1989	public administration and social services	13162	6.3	3214	9948	75.6	17020	5615	11405	428	210	218
1990	public administration and social services	13908	5.7	3334	10574	76.0	17399	5634	11765	508	235	273
1991	public administration and social services	14350	3.2	3215	11135	77.6	17905	5679	12226	430	190	240
1992	public administration and social services	15987	11.4	3479	12508	78.2	19243	5769	13474	432	204	228
1993	public administration and social services	16775	4.9	3801	12974	77.3	20634	6105	14529	459	215	244
1994	public administration and social services	17815	6.2	3919	13896	78.0	21833	6406	15427	519	238	281
1995	public administration and social services	18586	4.3	3935	14651	78.8	23501	6870	16631	556	274	282
1996	public administration and social services	19849	6.8	4205	15644	78.8	24229	6927	17302	499	220	279
1997	public administration and social services	20649	4.0	4177	16472	79.8	24781	6957	17824	518	243	275
1998	public administration and social services	20408	-1.2	3881	16527	81.0	25144	7025	18119	499	223	276
1999	public administration and social services	20323	-0.4	3799	16524	81.3	25038	6621	18417	534	240	294
2000	public administration and social services	20185	-0.7	3816	16369	81.1	25594	6808	18786	537	227	310
2001	public administration and social services	19447	-3.7	3670	15777	81.1	25268	6544	18724	574	263	311
2002	public administration and social services	19392	-0.3	3706	15686	80.9	25448	6505	18943	571	250	321
2003	public administration and social services	19900	2.6	3726	16174	81.3	25903	6391	19512	599	265	334
2004	public administration and social services	20552	3.3	3793	16759	81.5	28250	7001	21249	649	275	374
2005	public administration and social services	21769	5.9	4209	17560	80.7	29552	7370	22182	673	272	401
2006	public administration and social services	21986	1.0	4126	17860	81.2	30510	7572	22938	704	285	419
2007	public administration and social services	23147	5.3	4354	18793	81.2	31131	7758	23373	726	253	473
2008	public administration and social services	23493	1.5	4202	19291	82.1	33029	8140	24889	760	269	491
2009	public administration and social services	23852	1.5	4373	19479	81.7	33934	8346	25588	812	306	506
2010	public administration and social services	25421	6.6	4578	20843	82.0	35740	8868	26872	838	323	515
2011	public administration and social services	26799	5.4	4913	21886	81.7	38614	9791	28823	851	327	524
2012	public administration and social services	29695	10.8	5386	24309	81.9	41737	10494	31243	890	343	547
2013	public administration and social services	31950	7.6	5664	26286	82.3	43591	10864	32727	979	351	628
2014	public administration and social services	33483	4.8	5917	27566	82.3	44490	10833	33657	1047	346	701
1971	the social sciences and history	155324	0	98173	57151	36.8	16539	11833	4706	3660	3153	507
1972	the social sciences and history	158060	1.8	100895	57165	36.2	17445	12540	4905	4081	3483	598
1973	the social sciences and history	155970	-1.3	99735	56235	36.1	17477	12605	4872	4234	3573	661
1974	the social sciences and history	150320	-3.6	95650	54670	36.4	17293	12321	4972	4124	3383	741
1975	the social sciences and history	135190	-10.1	84826	50364	37.3	16977	11875	5102	4212	3334	878
1976	the social sciences and history	126396	-6.5	78691	47705	37.7	15953	10918	5035	4157	3262	895
1977	the social sciences and history	117040	-7.4	71128	45912	39.2	15533	10413	5120	3802	2957	845
1978	the social sciences and history	112952	-3.5	67217	45735	40.5	14718	9845	4873	3594	2722	872
1979	the social sciences and history	108059	-4.3	62852	45207	41.8	12963	8395	4568	3371	2501	870
1980	the social sciences and history	103662	-4.1	58511	45151	43.6	12176	7794	4382	3230	2357	873
1981	the social sciences and history	100513	-3.0	56131	44382	44.2	11945	7457	4488	3122	2274	848
1982	the social sciences and history	99705	-0.8	55196	44509	44.6	12002	7468	4534	3061	2237	824
1983	the social sciences and history	95228	-4.5	52771	42457	44.6	11205	6974	4231	2931	2042	889
1984	the social sciences and history	93323	-2.0	52154	41169	44.1	10577	6551	4026	2911	2030	881
1985	the social sciences and history	91570	-1.9	51226	40344	44.1	10503	6475	4028	2851	1933	918
1986	the social sciences and history	93840	2.5	52724	41116	43.8	10564	6419	4145	2955	1970	985
1987	the social sciences and history	96342	2.7	53949	42393	44.0	10506	6373	4133	2916	2026	890
1988	the social sciences and history	100460	4.3	56377	44083	43.9	10412	6310	4102	2781	1849	932
1989	the social sciences and history	108151	7.7	60121	48030	44.4	11023	6599	4424	2885	1949	936
1990	the social sciences and history	118083	9.2	65887	52196	44.2	11634	6898	4736	3010	2019	991
1991	the social sciences and history	125107	5.9	68701	56406	45.1	12233	7016	5217	3012	1956	1056
1992	the social sciences and history	133974	7.1	73001	60973	45.5	12702	7237	5465	3218	2126	1092
1993	the social sciences and history	135703	1.3	73589	62114	45.8	13471	7671	5800	3460	2203	1257
1994	the social sciences and history	133680	-1.5	72006	61674	46.1	14561	8152	6409	3627	2317	1310
1995	the social sciences and history	128154	-4.1	68139	60015	46.8	14845	8207	6638	3725	2319	1406
1996	the social sciences and history	126479	-1.3	65872	60607	47.9	15012	8093	6919	3760	2339	1421
1997	the social sciences and history	124891	-1.3	64115	60776	48.7	14787	7830	6957	3989	2479	1510
1998	the social sciences and history	125040	0.1	63537	61503	49.2	14938	7960	6978	4127	2445	1682
1999	the social sciences and history	124815	-0.2	61843	62972	50.5	14396	7440	6956	3873	2290	1583
2000	the social sciences and history	127101	1.8	62062	65039	51.2	14066	7024	7042	4095	2407	1688
2001	the social sciences and history	128036	0.7	61749	66287	51.8	13791	6816	6975	3930	2302	1628
2002	the social sciences and history	132874	3.8	64170	68704	51.7	14112	6941	7171	3902	2219	1683
2003	the social sciences and history	143256	7.8	69517	73739	51.5	14630	7202	7428	3850	2196	1654
2004	the social sciences and history	150357	5.0	73834	76523	50.9	16110	7810	8300	3811	2188	1623
2005	the social sciences and history	156892	4.3	77702	79190	50.5	16952	8256	8696	3819	2184	1635
2006	the social sciences and history	161485	2.9	80799	80686	50.0	17369	8415	8954	3914	2218	1696
2007	the social sciences and history	164183	1.7	82417	81766	49.8	17665	8577	9088	3844	2110	1734
2008	the social sciences and history	167363	1.9	84868	82495	49.3	18495	9349	9146	4059	2194	1865
2009	the social sciences and history	168517	0.7	85202	83315	49.4	19241	9605	9636	4234	2353	1881
2010	the social sciences and history	172782	2.5	87404	85378	49.4	20234	9967	10267	4238	2292	1946
2011	the social sciences and history	177169	2.5	89809	87360	49.3	21085	10578	10507	4390	2331	2059
2012	the social sciences and history	178534	0.8	90628	87906	49.2	21891	10987	10904	4597	2464	2133
2013	the social sciences and history	177767	-0.4	90143	87624	49.3	21591	10811	10780	4610	2461	2149
2014	the social sciences and history	173096	-2.6	88233	84863	49.0	21475	10750	10725	4724	2494	2230
1971	visual and performing arts	30394	0	12256	18138	59.7	6675	3510	3165	621	483	138
1972	visual and performing arts	33831	11.3	13580	20251	59.9	7537	4049	3488	572	428	144
1973	visual and performing arts	36017	6.5	14267	21750	60.4	7254	4005	3249	616	449	167
1974	visual and performing arts	39730	10.3	15821	23909	60.2	8001	4325	3676	585	440	145
1975	visual and performing arts	40782	2.6	15532	25250	61.9	8362	4448	3914	649	446	203
1976	visual and performing arts	42138	3.3	16491	25647	60.9	8817	4507	4310	620	447	173
1977	visual and performing arts	41793	-0.8	16166	25627	61.3	8636	4211	4425	662	447	215
1978	visual and performing arts	40951	-2.0	15572	25379	62.0	9036	4327	4709	708	448	260
1979	visual and performing arts	40969	0	15380	25589	62.5	8524	3933	4591	700	454	246
1980	visual and performing arts	40892	-0.2	15065	25827	63.2	8708	4067	4641	655	413	242
1981	visual and performing arts	40479	-1.0	14798	25681	63.4	8629	4056	4573	654	396	258
1982	visual and performing arts	40422	-0.1	14819	25603	63.3	8746	3866	4880	670	380	290
1983	visual and performing arts	39804	-1.5	14695	25109	63.1	8763	4013	4750	692	404	288
1984	visual and performing arts	40131	0.8	15089	25042	62.4	8526	3897	4629	730	406	324
1985	visual and performing arts	38285	-4.6	14518	23767	62.1	8720	3896	4824	696	407	289
1986	visual and performing arts	37241	-2.7	14236	23005	61.8	8420	3775	4645	722	396	326
1987	visual and performing arts	36873	-1.0	13980	22893	62.1	8508	3756	4752	793	447	346
1988	visual and performing arts	37150	0.8	14225	22925	61.7	7939	3442	4497	727	424	303
1989	visual and performing arts	38420	3.4	14698	23722	61.7	8267	3611	4656	753	446	307
1990	visual and performing arts	39934	3.9	15189	24745	62.0	8481	3706	4775	849	472	377
1991	visual and performing arts	42186	5.6	15761	26425	62.6	8657	3830	4827	838	466	372
1992	visual and performing arts	46522	10.3	17616	28906	62.1	9353	4078	5275	906	504	402
1993	visual and performing arts	47761	2.7	18610	29151	61.0	9440	4099	5341	882	478	404
1994	visual and performing arts	49053	2.7	19538	29515	60.2	9925	4229	5696	1054	585	469
1995	visual and performing arts	48690	-0.7	19781	28909	59.4	10277	4374	5903	1080	545	535
1996	visual and performing arts	49296	1.2	20126	29170	59.2	10280	4361	5919	1067	524	543
1997	visual and performing arts	50083	1.6	20729	29354	58.6	10627	4470	6157	1060	525	535
1998	visual and performing arts	52077	4.0	21483	30594	58.7	11145	4596	6549	1163	566	597
1999	visual and performing arts	54446	4.5	22270	32176	59.1	10762	4544	6218	1117	567	550
2000	visual and performing arts	58791	8.0	24003	34788	59.2	10918	4672	6246	1127	537	590
2001	visual and performing arts	61148	4.0	24967	36181	59.2	11404	4788	6616	1167	568	599
2002	visual and performing arts	66773	9.2	27130	39643	59.4	11595	4912	6683	1114	490	624
2003	visual and performing arts	71482	7.1	27922	43560	60.9	11982	4975	7007	1293	613	680
2004	visual and performing arts	77181	8.0	30037	47144	61.1	12906	5531	7375	1282	572	710
2005	visual and performing arts	80955	4.9	31355	49600	61.3	13183	5646	7537	1278	594	684
2006	visual and performing arts	83297	2.9	32117	51180	61.4	13530	5801	7729	1383	639	744
2007	visual and performing arts	85186	2.3	32729	52457	61.6	13767	5910	7857	1364	625	739
2008	visual and performing arts	87703	3.0	33862	53841	61.4	14164	5998	8166	1453	675	778
2009	visual and performing arts	89143	1.6	35055	54088	60.7	14918	6325	8593	1569	726	843
2010	visual and performing arts	91798	3.0	35768	56030	61.0	15562	6531	9031	1599	700	899
2011	visual and performing arts	93939	2.3	36342	57597	61.3	16277	6881	9396	1646	770	876
2012	visual and performing arts	95806	2.0	37164	58642	61.2	17307	7320	9987	1728	790	938
2013	visual and performing arts	97799	2.1	38063	59736	61.1	17869	7610	10259	1814	850	964
2014	visual and performing arts	97246	-0.6	38081	59165	60.8	17863	7711	10152	1778	869	909
